-81.37636952732376
2.932445739238233
33.110126687587815
-1.4706349935364422
16.057749184748566
0.03741005837451337
3.060538925174829
1.5111572119682861
-2.9658507606942353
2.7796025430166655
-2.8282802046706155
2.7712583657697656
-0.1254071967526657
3.9088929530607843
-45.51436388972708
2.0743657468357592
29.076274389964528
-0.04684690569230632
-3.942478680361107
1.156483074783766
1.450443197958542
1.473511600865361
6.515095783841165
1.996398261037822
-2.3744337556012054
2.1620936079531843
-1.1275819790603934
4.323826144931515
-67.0072031740675
3.90566582414444
32.907169385597584
-1.7188753777688464
7.176269753386042
-0.46878192149494474
0.8472763461476591
1.4989157966176014
0.7753907893560572
2.695797093153256
-1.1449658662362983
2.4900596633000807
-0.45851218918339326
5.005012578735317
-59.85250640140038
0.39374289394863987
26.770473264749015
-0.0041874427602993395
8.201266488110894
2.4403827573435097
3.811955038561927
2.374438574413993
1.0203329004889388
2.926041011863862
-0.7637036405275888
2.548027690378263
0.4818844494739143
8.674784113932766
-60.8019840005209
4.83293139160655
28.785679931460837
-0.7925935883150008
12.147031324476874
0.4320958637325078
1.0357119025428878
2.242291815596822
-1.436202088826799
3.3169825330299196
0.657397014468145
3.0957476574680167
1.8167854883289707
7.249434237275134
-41.8741584440118
4.606486086136502
28.214856416871193
0.3532723583946596
-1.1663969190721022
1.0180027706230887
3.1388683791012495
1.960999120075013
2.3015249778139566
2.4201855394837617
-1.215334655625936
1.76387287548945
2.0902864608281915
8.674784113932766
-46.88010898247462
4.33250866563254
31.34010829118914
0.9679516091598238
4.994728072665112
1.4823181961178804
-5.854430355049845
1.5749156466319552
-0.956520094039665
1.148334368347639
4.513660554019233
0.7168662170156515
1.9198060889307997
8.674784113932766
-53.39763898448922
4.844880516152711
28.0621773023634
-0.5693894614175189
6.214418290593372
0.5324984506771445
2.7446135708413446
2.241068417716855
2.3951857399592957
3.43726722547494
-0.9996126924151482
3.1697233676361485
0.3887179962944643
3.626445918535168
-33.69654728355479
7.8341744010086485
30.15145997386156
3.4877848596080874
5.154770954210189
1.9603981891558435
-5.3450596700653366
1.0119698518790892
-1.551141140359532
0.6134393318516101
3.742012002858539
0.4789134757311951
2.2904368140387557
8.674784113932766
-27.930044216679974
8.879549683756839
29.42936407580758
3.4533854776533417
2.3503338083517424
2.1695072411782896
-4.106070374929736
1.5566528562414121
1.9035483369101014
1.0988991876607503
2.5317356860198514
0.5991187108308464
-0.7239930411249388
5.2060583881287705
-69.82631057742213
-1.281783784978712
19.91797023496516
-5.2079092072714435
11.352489993456524
-1.8356871419077594
4.621966631724594
1.865271639549865
0.37293995776180244
4.251986293429838
-0.9948458994038656
4.4052970535001394
-0.23582130585091166
6.4472427438061635
-30.592249056748784
8.545488393068114
30.18786756201927
3.4649290963708577
4.287668560764591
1.8214983586492444
-6.2648025032400545
1.0257618662995536
-1.3029488301720145
0.7325183273565234
4.567883472077395
0.4685946309926654
2.4285638079925596
3.470045611559475
-17.587453506595434
8.080441128240519
25.551571717860487
2.3187630799575114
-7.293613723916679
1.096312087499539
1.1140842213957503
1.278752757916992
5.2128179874757645
1.0646349611699342
-2.2889997836657425
0.9622661623391877
1.1018511369326123
8.674784113932766
-24.241432170195036
8.095098584798823
31.602362739266344
4.475053384464376
-0.11447623313694844
3.0982681849954177
-7.888375656343818
1.2947183211014435
1.7619587144748503
0.25819307163981037
5.78676252821644
0.2796250298858927
0.7407787077922876
5.146738453877754
-34.27542957824272
20.353628771604846
19.50091932949532
-15.056948018475744
4.496035211651963
-0.8139819881483411
6.560290733369108
-0.56580046086947
-3.044785593598624
2.997915666281186
-0.4488351409437097
3.5296200139317726
-3.0088780638696755
20.195081741997527
-40.296771959249725
4.049539860286248
27.52018683123308
-0.6459507939090298
-3.621391780909807
0.39128481200339454
2.4847143349003913
1.680562628356347
3.120193330009872
2.322756434978258
-1.64450490934087
2.2106837422979364
2.3365525452838156
5.174760623318105
-36.92857606566291
4.617760571033401
28.47762800704158
0.3802066655060852
-4.533574401492323
1.0298433098850943
1.754101752839985
1.849605569863231
4.20225682246423
2.0571410127888816
-1.2784719775499358
1.976466945629598
1.9099994307340593
7.588271732397274
-67.74120186607591
0.4873883582541089
32.273889786526254
-2.076933627112844
7.0777759294830815
-0.04296165319128922
-3.8844373344661784
1.930494278964197
-0.38130690541368434
2.928937495205231
4.112342065043452
2.6281280150172015
1.904663157121996
6.184179158895542
-34.5177700400724
6.499077157561205
29.47426166580669
2.0166887973671983
3.078767204696857
1.986139033938915
-6.038479904154833
1.3580405833983986
0.24207269513003707
0.8063039172966882
4.86754269697444
0.9461233815876104
1.478402172583746
4.027250146113384
-30.27294657250667
5.711418046545826
24.88005652068795
1.1891405415121121
-1.7895380216868069
1.4339039881545292
2.0966829453487335
2.1491692171922474
3.8643844580162288
2.345350007437252
-0.4818429277981045
1.9775747025296182
1.3264825797506485
5.474701746690557
-10.09706786210685
8.35271635929358
24.59126174923745
6.0645690276328
-4.704920670781135
3.9711659981083476
2.7143073405405462
1.5222149965824197
4.499217601247375
1.308503245625881
-1.7228774008529895
0.6749066175853865
1.1514817431202358
4.959848842701937
-24.09473232019659
6.9972000692787795
28.86869161020346
3.2922186778670453
-5.744845622904621
2.1886105254076695
1.3809552020513316
1.0048642102706942
1.6601834129782496
0.10148805648417286
-2.243415412368793
-0.2501200339840343
1.4820297595865737
7.411972324154738
-18.523909834829837
9.002094037996162
28.477281996627497
5.108367233571798
1.8539877144363048
3.176967377667096
-6.726875204486968
1.3415452774124836
0.0891623425222973
0.16035138288544554
4.71589472036669
-0.41428143491227265
1.5621905484989682
4.30953047942305
-23.656099682968556
7.583994941204914
28.398058057512664
3.2269357616871477
-5.354161698791056
2.0276580071170853
1.8776171699744972
1.2843906905949367
2.7403757195222562
0.6987738047950627
-2.194014781160008
0.5800660002708167
2.249801388092769
5.424576653409324
-35.54732502977531
6.459689796272608
27.32030307566721
0.9381854199598345
-2.106998510139777
0.45534654087398896
3.5719608659158406
1.5181718864456142
1.8977236251878233
1.618993228153643
-1.8433679516311585
1.3552704944511136
1.100369384541071
3.668732581839358
-59.22623655767553
0.03463456185441821
32.7799221457345
0.6609845328655497
1.2207205695503445
2.5464738564884684
0.22194958760613584
1.293397273062269
3.558389373091456
1.2372596190396226
-0.8662635138064712
1.6517443738485373
-0.8676308405862511
3.470045611559475
-40.89311981427722
7.839463049667896
33.79237861788305
1.3162456526643607
1.5680556278895816
0.9133316008390276
-6.410927396697221
0.9634436887371998
2.04127288166218
1.1532450459517118
4.319215760626673
1.1730608965869342
-0.7776373518674187
8.674784113932766
-38.50484643713678
8.481460825902055
32.10613175808805
2.1360521436700775
5.769558846278028
1.5901327284157614
-6.010949707155983
0.9556694693498492
-2.4786697151731105
0.1472874158854717
2.5701783526655277
-0.1309542811412844
1.8369201628864713
8.674784113932766
-33.43008272615674
5.87551635375354
29.071420548886074
0.8322483269555278
-5.470434707280407
0.8269792887159477
0.3670513005140451
1.2869695964033978
5.556811795599032
1.4646657137934254
-1.8611334124840355
1.339593689777453
-0.6330136638776416
8.674784113932766
-37.56388278579997
6.213405281285421
32.264254500062826
2.422493524975716
-1.4044371667782112
1.3702183334534725
-3.2986042985822843
0.9495035314384516
3.7466521386857132
0.6657375721642894
-0.06438162940637478
0.24327733550204772
-2.332042645444249
8.674784113932766
-56.15468530980874
1.2217868392983402
26.38013367875139
0.5488227877748366
7.69205782458602
1.7953573215019805
3.669562689421318
2.6418454325113334
0.29906434663548703
2.755055880393293
0.5471180691123546
2.131257318673119
-1.0190863368802638
7.096078652227782
-81.43786154380203
-4.641071148481842
24.381133954198404
-2.3906718365712725
14.048797347170051
1.0751493149572655
7.028096290843164
4.01466154817449
1.589289362113411
5.3697922257200545
-0.317599829196477
4.649324665691697
-0.07145528344018309
8.674784113932766
-84.72127191456603
-7.451618419011603
21.35676768374977
-3.612000601552688
13.46409500560469
-0.44258402030277955
7.563039457429873
4.204819670551227
1.1439737756159043
5.468576921276077
0.6072150349319001
5.4106543617820915
-0.7679467947410024
5.176522144011394
-66.6376607184019
-1.8361456180252327
23.38085020916525
-1.1951794501208064
10.252331119014121
1.088707015342875
7.120598859153529
3.1205140742626054
-0.1946041471383009
3.9365276172912473
-0.07821461182928176
3.25673533093393
-1.3180466887689635
3.470045611559475
-57.006730161638735
1.0992125725625321
24.04691207388677
0.8705732551101835
11.029523016209042
2.017740402190317
5.00148163508268
2.896354084845827
0.2610309021676867
2.951653996594094
-0.9449835090755989
2.1758977540895135
-1.145287211149959
8.674784113932766